Wavelength	a15
380	11.05818462
380.5	10.90030479
381	10.9689064
381.5	11.06827545
382	10.98689079
382.5	10.96912193
383	11.04812813
383.5	11.11024284
384	10.99215508
384.5	10.96695518
385	11.02461338
385.5	11.06468773
386	11.08437252
386.5	11.13580608
387	11.0371809
387.5	11.07869816
388	11.21351814
388.5	11.15064907
389	11.18864155
389.5	11.08808899
390	11.22776604
390.5	11.15820789
391	11.18068123
391.5	11.17426205
392	11.20812893
392.5	11.17761803
393	11.27604961
393.5	11.27066803
394	11.25980473
394.5	11.32408714
395	11.14458656
395.5	11.24911118
396	11.24799156
396.5	11.26364136
397	11.3167572
397.5	11.29849434
398	11.16932774
398.5	11.35289478
399	11.36353779
399.5	11.34046268
400	11.3497963
400.5	11.4323616
401	11.41332722
401.5	11.37647724
402	11.34603119
402.5	11.44873142
403	11.37790203
403.5	11.32276821
404	11.46074295
404.5	11.27100277
405	11.38558674
405.5	11.39157867
406	11.46694183
406.5	11.41449356
407	11.48753071
407.5	11.42812252
408	11.37282944
408.5	11.63706589
409	11.56993771
409.5	11.48003578
410	11.58451366
410.5	11.59534645
411	11.51666641
411.5	11.52818394
412	11.55150318
412.5	11.53301239
413	11.66833687
413.5	11.56435776
414	11.5656538
414.5	11.68776608
415	11.60273743
415.5	11.63063145
416	11.6964817
416.5	11.66375542
417	11.69027424
417.5	11.67078972
418	11.63848591
418.5	11.69755459
419	11.75278854
419.5	11.68663025
420	11.74014187
420.5	11.72248745
421	11.73286343
421.5	11.74924088
422	11.79893494
422.5	11.77589607
423	11.79922867
423.5	11.8536377
424	11.85897827
424.5	11.86357403
425	11.85370636
425.5	11.88901424
426	11.88189507
426.5	11.89375973
427	11.91246986
427.5	11.95873833
428	11.94077587
428.5	11.88951683
429	11.95582676
429.5	11.92673111
430	12.01864338
430.5	12.05925274
431	12.09329414
431.5	12.11839676
432	12.13164139
432.5	12.054739
433	12.09706783
433.5	12.15604591
434	12.1696558
434.5	12.15565586
435	12.15325832
435.5	12.15037918
436	12.17952919
436.5	12.19946861
437	12.24665737
437.5	12.29759026
438	12.28457451
438.5	12.26954269
439	12.26360798
439.5	12.33610153
440	12.36762524
440.5	12.30800915
441	12.38016415
441.5	12.39321136
442	12.41139507
442.5	12.440835
443	12.47148132
443.5	12.45801258
444	12.46033287
444.5	12.44816971
445	12.55962658
445.5	12.50585175
446	12.48925781
446.5	12.54390907
447	12.56580162
447.5	12.61741638
448	12.62862682
448.5	12.61611557
449	12.58808231
449.5	12.61733437
450	12.65691948
450.5	12.64911747
451	12.6333456
451.5	12.70559311
452	12.71485233
452.5	12.70836926
453	12.70347118
453.5	12.71741676
454	12.73045254
454.5	12.74054909
455	12.79368401
455.5	12.75575447
456	12.77409458
456.5	12.77160358
457	12.80353832
457.5	12.8099308
458	12.81145096
458.5	12.77796936
459	12.7843647
459.5	12.89913368
460	12.82006836
460.5	12.85785103
461	12.86629486
461.5	12.85154343
462	12.82905769
462.5	12.88863087
463	12.93155861
463.5	12.90082932
464	12.92389297
464.5	12.88381767
465	12.94866943
465.5	12.90448189
466	12.95276451
466.5	12.90844727
467	12.99665737
467.5	12.96662712
468	12.96230888
468.5	12.99901867
469	13.03573418
469.5	13.0215807
470	12.99141216
470.5	13.02555656
471	12.99788189
471.5	13.07078934
472	13.04872322
472.5	13.03197002
473	13.05256462
473.5	13.07412815
474	13.07742119
474.5	13.02054977
475	13.14278698
475.5	13.09522057
476	13.08828926
476.5	13.11448956
477	13.15555859
477.5	13.18558884
478	13.15833664
478.5	13.16969872
479	13.16394806
479.5	13.20313263
480	13.22867393
480.5	13.21965599
481	13.27249146
481.5	13.26780605
482	13.25812817
482.5	13.30377865
483	13.29047489
483.5	13.31884003
484	13.30254555
484.5	13.33209705
485	13.36186981
485.5	13.36210632
486	13.38168049
486.5	13.37963676
487	13.4081955
487.5	13.4509964
488	13.45547104
488.5	13.54821301
489	13.48849106
489.5	13.49260235
490	13.54484558
490.5	13.51420689
491	13.58655739
491.5	13.55691528
492	13.62115574
492.5	13.60678864
493	13.64958477
493.5	13.62640858
494	13.70312309
494.5	13.64657021
495	13.73215008
495.5	13.68905163
496	13.80055523
496.5	13.78813648
497	13.80399132
497.5	13.79689121
498	13.86834717
498.5	13.90067291
499	13.94769287
499.5	13.91359997
500	13.94602966
500.5	13.94884396
501	14.01405907
501.5	13.97054482
502	14.0050621
502.5	13.99135113
503	14.09121895
503.5	14.05504608
504	14.13440228
504.5	14.104249
505	14.14453506
505.5	14.17347336
506	14.20007324
506.5	14.182127
507	14.25150204
507.5	14.18965721
508	14.25855732
508.5	14.27113533
509	14.28565979
509.5	14.33521843
510	14.36471462
510.5	14.34956646
511	14.43267918
511.5	14.42278194
512	14.44369984
512.5	14.42157745
513	14.49680328
513.5	14.48022747
514	14.55567932
514.5	14.54205704
515	14.59288597
515.5	14.63138771
516	14.65426826
516.5	14.64746475
517	14.65809345
517.5	14.69013691
518	14.71065331
518.5	14.76456642
519	14.78770542
519.5	14.82937908
520	14.84204102
520.5	14.83996487
521	14.85754108
521.5	14.93089199
522	14.96791077
522.5	14.92508316
523	14.97731972
523.5	15.02223492
524	15.00454426
524.5	15.08271694
525	15.04412842
525.5	15.14847755
526	15.16420269
526.5	15.18020439
527	15.23340988
527.5	15.25952053
528	15.24222469
528.5	15.34998608
529	15.30923653
529.5	15.40852928
530	15.41420555
530.5	15.4131937
531	15.43002701
531.5	15.49582291
532	15.5214262
532.5	15.61995602
533	15.57623577
533.5	15.61366272
534	15.69156837
534.5	15.73240566
535	15.75802135
535.5	15.766469
536	15.85248375
536.5	15.89211082
537	15.9480648
537.5	15.95906162
538	16.02818871
538.5	16.05455589
539	16.05018616
539.5	16.1522274
540	16.17254257
540.5	16.24987984
541	16.2796402
541.5	16.3481884
542	16.36335754
542.5	16.40683746
543	16.43488693
543.5	16.57588959
544	16.60660553
544.5	16.64656448
545	16.66631317
545.5	16.74916077
546	16.77064896
546.5	16.85215187
547	16.86699295
547.5	16.91414642
548	16.99269676
548.5	17.07996368
549	17.16901207
549.5	17.20824242
550	17.24569702
550.5	17.27653122
551	17.389431
551.5	17.46359253
552	17.50351715
552.5	17.58778763
553	17.6625824
553.5	17.69870377
554	17.80580521
554.5	17.84201622
555	17.95837593
555.5	17.95964813
556	17.99032784
556.5	18.16802406
557	18.17543602
557.5	18.26183891
558	18.37245178
558.5	18.45264626
559	18.47038841
559.5	18.60586357
560	18.64034462
560.5	18.81516457
561	18.787714
561.5	18.90180969
562	18.97842789
562.5	19.08778381
563	19.19747353
563.5	19.28272629
564	19.37136841
564.5	19.33182144
565	19.53245163
565.5	19.56759071
566	19.66123581
566.5	19.79389572
567	19.86406517
567.5	19.94303894
568	20.03719139
568.5	20.13226509
569	20.19162369
569.5	20.28157425
570	20.35014343
570.5	20.48845673
571	20.62861824
571.5	20.66862679
572	20.76491547
572.5	20.81534958
573	20.87088585
573.5	20.98823547
574	21.0634861
574.5	21.2227993
575	21.23449135
575.5	21.33066559
576	21.4976368
576.5	21.57165146
577	21.59636688
577.5	21.74009895
578	21.83675766
578.5	21.93612099
579	21.98531723
579.5	22.16982651
580	22.14911079
580.5	22.27672005
581	22.39670181
581.5	22.49052429
582	22.50398445
582.5	22.62911797
583	22.80568695
583.5	22.84592628
584	22.93200302
584.5	23.02942657
585	23.0716362
585.5	23.19312668
586	23.28629303
586.5	23.33481979
587	23.48208427
587.5	23.49785042
588	23.61175728
588.5	23.69060898
589	23.71990013
589.5	23.89375114
590	23.92139053
590.5	24.00183296
591	24.08206177
591.5	24.08507729
592	24.20546722
592.5	24.30794144
593	24.36289787
593.5	24.44879913
594	24.51398659
594.5	24.57417488
595	24.668993
595.5	24.76837921
596	24.79843903
596.5	24.88441086
597	24.92703819
597.5	25.02154922
598	25.0916214
598.5	25.18891716
599	25.18133163
599.5	25.32939529
600	25.35991287
600.5	25.4126339
601	25.47127533
601.5	25.51360703
602	25.64991379
602.5	25.68431282
603	25.76132965
603.5	25.7659874
604	25.91864395
604.5	25.97510529
605	25.98026657
605.5	26.0527935
606	26.10182762
606.5	26.20582008
607	26.24443245
607.5	26.28005409
608	26.29788589
608.5	26.41018105
609	26.41321754
609.5	26.520401
610	26.53404999
610.5	26.56694412
611	26.63484192
611.5	26.68605232
612	26.72479439
612.5	26.77202606
613	26.87395287
613.5	26.86375046
614	26.97550392
614.5	27.0280056
615	27.06464195
615.5	27.07539177
616	27.16625404
616.5	27.1808567
617	27.24783707
617.5	27.30459023
618	27.35521126
618.5	27.38142014
619	27.37887192
619.5	27.48860741
620	27.46613693
620.5	27.53471184
621	27.5746727
621.5	27.59456635
622	27.63627243
622.5	27.71112061
623	27.73402405
623.5	27.81690979
624	27.81227493
624.5	27.86103821
625	27.89738464
625.5	27.95980072
626	27.97512627
626.5	27.98616219
627	28.04177094
627.5	28.08597755
628	28.12712097
628.5	28.18297386
629	28.20799255
629.5	28.2800045
630	28.26700783
630.5	28.26647377
631	28.36564255
631.5	28.38260841
632	28.4422226
632.5	28.49781418
633	28.50300598
633.5	28.51911163
634	28.55366707
634.5	28.57241631
635	28.69582748
635.5	28.63894463
636	28.7226162
636.5	28.75832558
637	28.76004219
637.5	28.80818558
638	28.77588272
638.5	28.83983803
639	28.96354485
639.5	28.90442085
640	28.90460587
640.5	29.03252029
641	29.0282402
641.5	29.03651237
642	29.04101944
642.5	29.13147736
643	29.20684433
643.5	29.1559906
644	29.2083149
644.5	29.27015114
645	29.26717758
645.5	29.31296539
646	29.29317093
646.5	29.36550903
647	29.38362694
647.5	29.352808
648	29.47263718
648.5	29.45735168
649	29.55260849
649.5	29.56907654
650	29.60651779
650.5	29.57189751
651	29.64397049
651.5	29.64411736
652	29.74969482
652.5	29.73045731
653	29.8337307
653.5	29.78155899
654	29.83593369
654.5	29.91620255
655	29.8871727
655.5	29.95337486
656	29.95521736
656.5	29.95878792
657	30.01037216
657.5	30.03672981
658	30.08215141
658.5	30.0952816
659	30.14538002
659.5	30.18309784
660	30.19384384
660.5	30.29252625
661	30.27846527
661.5	30.29829788
662	30.31136703
662.5	30.38803864
663	30.42851448
663.5	30.44989967
664	30.43351555
664.5	30.52759743
665	30.59591675
665.5	30.56835747
666	30.67400742
666.5	30.62985611
667	30.60036278
667.5	30.69677353
668	30.7281456
668.5	30.72220421
669	30.75232506
669.5	30.81097603
670	30.83051109
670.5	30.88926315
671	30.94471931
671.5	30.85861588
672	30.94118881
672.5	31.00104904
673	31.02781105
673.5	31.04003906
674	31.13237953
674.5	31.15486145
675	31.1381855
675.5	31.20545387
676	31.22430229
676.5	31.29844666
677	31.31889915
677.5	31.2507782
678	31.38481903
678.5	31.44509125
679	31.41113853
679.5	31.43828583
680	31.50908089
680.5	31.49555397
681	31.54497528
681.5	31.54878616
682	31.59831429
682.5	31.63359451
683	31.67236137
683.5	31.70272636
684	31.72661972
684.5	31.76105309
685	31.85618782
685.5	31.76442719
686	31.92555237
686.5	31.89015007
687	32.00119019
687.5	31.89312172
688	31.98453712
688.5	32.0643692
689	32.10541153
689.5	32.10979843
690	32.18146896
690.5	32.1145134
691	32.14810562
691.5	32.23659515
692	32.29769135
692.5	32.22791672
693	32.27455139
693.5	32.23936844
694	32.40697861
694.5	32.33641434
695	32.41721725
695.5	32.37778473
696	32.4642601
696.5	32.53891754
697	32.50795746
697.5	32.60216522
698	32.60784531
698.5	32.56453323
699	32.58058548
699.5	32.68994904
700	32.63749695
700.5	32.71115875
701	32.77883148
701.5	32.8732605
702	32.82440186
702.5	32.81943512
703	32.87153244
703.5	32.91153717
704	33.03686142
704.5	32.92398834
705	32.98987961
705.5	33.06872559
706	33.12148285
706.5	33.12572479
707	33.06617355
707.5	33.17398071
708	33.20266724
708.5	33.19626999
709	33.22472382
709.5	33.3686142
710	33.32298279
710.5	33.33127594
711	33.30713272
711.5	33.34437561
712	33.39626312
712.5	33.48324203
713	33.52708054
713.5	33.41054916
714	33.53010559
714.5	33.46419144
715	33.64338303
715.5	33.47481918
716	33.67429733
716.5	33.62483215
717	33.62114716
717.5	33.67658615
718	33.65705872
718.5	33.81326294
719	33.72247314
719.5	33.75592041
720	33.75287247
720.5	33.84028625
721	33.93862915
721.5	33.94560242
722	33.88497162
722.5	33.89192581
723	33.95777893
723.5	33.95684814
724	33.9763031
724.5	34.07529068
725	34.16016769
725.5	34.11929703
726	34.09314346
726.5	34.09321594
727	34.12596893
727.5	34.23785019
728	34.16152191
728.5	34.24503326
729	34.27525711
729.5	34.29516983
730	34.34275818
730.5	34.34474945
731	34.19163132
731.5	34.24079895
732	34.34127426
732.5	34.34074402
733	34.379776
733.5	34.40006638
734	34.4754715
734.5	34.47676468
735	34.43783569
735.5	34.50904846
736	34.4831543
736.5	34.46596146
737	34.54010773
737.5	34.61601257
738	34.69453812
738.5	34.67583466
739	34.55236435
739.5	34.54759598
740	34.60631561
740.5	34.71834946
741	34.77516937
741.5	34.67363358
742	34.75125885
742.5	34.83013916
743	34.7644043
743.5	34.82337952
744	34.82683563
744.5	34.74985504
745	34.83703995
745.5	34.93567276
746	34.83628464
746.5	34.89685822
747	34.83750916
747.5	35.08086395
748	34.97559738
748.5	34.9738121
749	35.01497269
749.5	34.85669327
750	35.01859665
750.5	35.03879166
751	35.03037262
751.5	34.98760223
752	34.94023514
752.5	35.1150589
753	35.09534454
753.5	34.9575386
754	35.03430939
754.5	35.0614624
755	35.16312027
755.5	35.01773071
756	35.14784622
756.5	35.10594177
757	35.03834152
757.5	35.16637802
758	35.08708954
758.5	35.09454727
759	35.20359802
759.5	35.00856018
760	35.07669449
760.5	35.16252899
761	35.23838043
761.5	35.42869949
762	35.20098877
762.5	35.12948608
763	35.16073608
763.5	35.12900925
764	35.29471207
764.5	35.1941185
765	35.31723785
765.5	35.59354019
766	35.41866684
766.5	35.46743011
767	35.37998962
767.5	35.2770195
768	35.27528763
768.5	35.43286514
769	35.17410278
769.5	35.49557495
770	35.29829407
770.5	35.26941681
771	35.37313461
771.5	35.25379181
772	35.47963333
772.5	35.2632103
773	35.26529312
773.5	35.40257263
774	35.23973465
774.5	35.42333984
775	35.22887421
775.5	35.30458069
776	35.28606033
776.5	35.47316742
777	35.25279236
777.5	35.47061539
778	35.59215927
778.5	35.41058731
779	35.47690964
779.5	35.53127289
780	35.318367
780.5	35.2842598
781	35.39241028
781.5	35.53258896
782	35.46992874
782.5	35.17099762
783	35.34358597
783.5	35.37610626
784	35.36699677
784.5	35.40325165
785	35.49931717
785.5	35.31189728
786	35.36376572
786.5	35.35009003
787	35.44797897
787.5	35.51374054
788	35.46105957
788.5	35.56715393
789	35.30734634
789.5	35.52317429
790	35.2482338
790.5	35.64896393
791	35.2798233
791.5	35.19044113
792	35.32923889
792.5	35.21625519
793	35.33522034
793.5	35.52832794
794	35.39852524
794.5	35.3368721
795	35.26223373
795.5	35.45032501
796	35.48015976
796.5	35.17377853
797	35.37669754
797.5	35.49522018
798	35.40462494
798.5	35.21944046
799	35.29792023
799.5	35.36086655
800	34.1352005
800.5	37.85009766
801	34.62342072
801.5	36.1192627
802	34.0619545
802.5	34.13880157
803	35.81720352
803.5	34.36805344
804	35.9797821
804.5	36.79849625
805	34.166008
805.5	36.98115158
806	31.0942688
806.5	35.14984512
807	37.81784058
807.5	33.17373657
808	36.71702576
808.5	37.00967026
809	35.94601822
809.5	33.49900055
810	34.25046921
810.5	34.82680511
811	37.07538605
811.5	35.81789398
812	36.46627426
812.5	33.8799324
813	34.14723587
813.5	34.53547287
814	34.49416351
814.5	34.54444504
815	35.10710907
815.5	33.90337753
816	34.9814415
816.5	34.28836441
817	34.10503387
817.5	35.66028595
818	35.01336288
818.5	35.93867493
819	34.4067955
819.5	35.07801056
820	36.9062767
820.5	37.16152954
821	34.58245468
821.5	35.60492325
822	33.67422485
822.5	34.81842041
823	35.63522339
823.5	39.39328384
824	36.60538864
824.5	37.89492035
825	37.08572388
825.5	34.47540665
826	34.49862671
826.5	34.50784302
827	34.89294434
827.5	36.08230591
828	33.81322479
828.5	36.16748047
829	35.37987137
829.5	34.87928009
830	36.65844727
830.5	36.90767288
831	36.35853958
831.5	36.73301697
832	34.89446259
832.5	35.00169373
833	33.47335052
833.5	34.86700439
834	34.52155685
834.5	35.11149979
835	34.83108902
835.5	34.65957642
836	36.26171494
836.5	35.67115021
837	34.31306076
837.5	34.17403793
838	35.67383194
838.5	35.41514206
839	35.77423859
839.5	34.69446564
840	35.50150299
840.5	34.38249588
841	34.34610367
841.5	35.49451828
842	34.33746338
842.5	33.53245163
843	35.1196022
843.5	35.1859169
844	35.34498596
844.5	34.5744133
845	34.57325745
845.5	35.9943924
846	35.70298386
846.5	35.59267044
847	35.74884415
847.5	36.5684967
848	35.54289246
848.5	34.86822128
849	35.2369194
849.5	35.62644958
850	34.57484436
850.5	35.74889755
851	34.5643959
851.5	35.90647507
852	34.7531662
852.5	34.6453743
853	35.09180832
853.5	33.95703125
854	34.33221436
854.5	35.34990692
855	34.67261887
855.5	34.24681854
856	35.52781296
856.5	34.67370605
857	35.56699753
857.5	33.44002151
858	35.09745789
858.5	34.11439514
859	34.75432587
859.5	35.89998245
860	34.71324158
860.5	35.72732925
861	34.76703644
861.5	34.15007782
862	35.42869568
862.5	34.3042717
863	35.00870895
863.5	35.38331223
864	34.45408249
864.5	34.05830765
865	34.03889084
865.5	35.03276825
866	33.98960495
866.5	35.01109314
867	33.79431534
867.5	34.50710297
868	34.64945221
868.5	35.025177
869	34.81167984
869.5	33.77032089
870	36.01802444
870.5	33.80381012
871	35.50289536
871.5	35.00720978
872	34.57514191
872.5	35.24462509
873	34.67108917
873.5	34.3258934
874	34.80015182
874.5	34.85763931
875	34.98027802
875.5	34.80020905
876	35.16772461
876.5	34.95097351
877	34.22454071
877.5	34.54809952
878	34.60531998
878.5	35.03219223
879	34.49049759
879.5	34.28356171
880	34.55686569
880.5	35.23340225
881	34.92191315
881.5	34.93610001
882	35.30892944
882.5	34.52464676
883	34.99241638
883.5	34.11647034
884	34.45833969
884.5	34.43656158
885	35.06458282
885.5	34.32242203
886	34.75812912
886.5	34.70911789
887	35.32056808
887.5	34.69125366
888	34.5945549
888.5	35.19664001
889	34.9033699
889.5	35.08298874
890	34.48997879
890.5	34.50032043
891	35.38490677
891.5	35.1007309
892	34.59711838
892.5	34.6504631
893	34.4079895
893.5	34.52579498
894	35.07411575
894.5	34.88415909
895	34.42110443
895.5	35.14953995
896	34.72972107
896.5	34.46033096
897	34.86919785
897.5	34.64886093
898	34.74429321
898.5	35.20677567
899	34.53506088
899.5	34.62322998
900	34.90813446
900.5	34.94530487
901	34.77951431
901.5	34.98371887
902	34.64188766
902.5	34.99131012
903	34.88871002
903.5	34.81440353
904	34.8276062
904.5	34.88739777
905	35.43827057
905.5	34.5611763
906	34.99482727
906.5	34.90210342
907	34.6653862
907.5	35.01419067
908	35.03285217
908.5	34.72938538
909	34.98960876
909.5	34.85150909
910	35.11571503
910.5	34.7632637
911	35.26586151
911.5	34.98827362
912	34.72930908
912.5	34.86959076
913	35.38753128
913.5	34.77174759
914	34.95807266
914.5	34.88992691
915	34.96287918
915.5	35.59849167
916	35.00785065
916.5	34.92120361
917	35.00082016
917.5	35.08607864
918	35.20645905
918.5	35.18182373
919	34.94420624
919.5	34.92170334
920	35.0797081
920.5	34.81532669
921	35.14808273
921.5	34.95019531
922	34.9070549
922.5	35.17222977
923	35.03857422
923.5	34.81940079
924	35.04439163
924.5	35.06539536
925	35.11621857
925.5	35.09124756
926	35.09662247
926.5	35.02120209
927	35.29291153
927.5	35.2302475
928	35.53842163
928.5	35.38658142
929	35.15657043
929.5	35.22764587
930	35.16532898
930.5	35.07411575
931	35.11711502
931.5	35.1934433
932	35.09883118
932.5	35.25123215
933	35.14981842
933.5	35.05054474
934	35.11594009
934.5	35.16619873
935	35.40075302
935.5	35.31661606
936	35.31350327
936.5	35.30550003
937	35.25821686
937.5	35.27890396
938	35.42182159
938.5	35.39673233
939	35.32629395
939.5	35.25229263
940	35.3361702
940.5	35.41254044
941	35.18545151
941.5	35.16194153
942	35.35891342
942.5	35.32961273
943	35.20042801
943.5	35.31198883
944	35.49402237
944.5	35.39713287
945	35.43012619
945.5	35.43566895
946	35.24689865
946.5	35.32319641
947	35.57128525
947.5	35.40581894
948	35.34482193
948.5	35.38319397
949	35.45824432
949.5	35.50658035
950	35.47695541
950.5	35.39001465
951	35.37989807
951.5	35.59802628
952	35.43392181
952.5	35.49738312
953	35.5923996
953.5	35.49110413
954	35.55313492
954.5	35.62331009
955	35.57731628
955.5	35.58599091
956	35.62618637
956.5	35.50637817
957	35.55285263
957.5	35.73222351
958	35.71827698
958.5	35.63117218
959	35.62714005
959.5	35.6688652
960	35.64611435
960.5	35.72173309
961	35.72416687
961.5	35.75457001
962	35.71159363
962.5	35.75094604
963	35.67938995
963.5	35.67144394
964	35.76147079
964.5	35.90077972
965	35.71113586
965.5	35.77835464
966	35.81926346
966.5	35.84653854
967	35.7663765
967.5	35.89677048
968	35.8093071
968.5	35.91950989
969	35.96884537
969.5	35.69965744
970	35.95976639
970.5	35.80873489
971	36.23177338
971.5	35.8705368
972	35.95493317
972.5	36.00107193
973	35.88004684
973.5	35.94167328
974	35.90132141
974.5	35.92709351
975	35.98269653
975.5	35.95410156
976	35.96680069
976.5	36.10517502
977	36.0202446
977.5	36.04110336
978	36.07614517
978.5	36.00321198
979	36.06752396
979.5	36.05132675
980	35.99656296
980.5	35.8694725
981	36.20225525
981.5	36.11947632
982	36.1606369
982.5	36.04360962
983	36.08165741
983.5	36.03049469
984	36.08636093
984.5	36.19703674
985	36.14456177
985.5	36.10508728
986	36.23266602
986.5	36.18899536
987	36.27451324
987.5	36.29863739
988	36.18961334
988.5	36.2216568
989	36.17301941
989.5	36.1911087
990	36.24141693
990.5	36.25461578
991	36.23558807
991.5	36.30014038
992	36.2949295
992.5	36.22779083
993	36.30106354
993.5	36.33021927
994	36.31468582
994.5	36.31496811
995	36.30321503
995.5	36.30833435
996	36.35725403
996.5	36.25914001
997	36.35388565
997.5	36.41495132
998	36.34838867
998.5	36.2600975
999	36.46246338
999.5	36.44623566
1000	36.2987442
1000.5	36.45294571
1001	36.33999252
1001.5	36.39797211
1002	36.43270111
1002.5	36.37220383
1003	36.50251007
1003.5	36.38557053
1004	36.50496292
1004.5	36.37135696
1005	36.53739929
1005.5	36.47413635
1006	36.4959259
1006.5	36.50400925
1007	36.51265335
1007.5	36.41143036
1008	36.49776459
1008.5	36.53636169
1009	36.54628372
1009.5	36.56915283
1010	36.61878586
1010.5	36.58216095
1011	36.51980972
1011.5	36.55878448
1012	36.5364151
1012.5	36.49637222
1013	36.63316727
1013.5	36.56451416
1014	36.61697769
1014.5	36.55052948
1015	36.61062241
1015.5	36.55591583
1016	36.5545845
1016.5	36.62003708
1017	36.5894165
1017.5	36.60435486
1018	36.62192917
1018.5	36.66244888
1019	36.72787857
1019.5	36.641922
1020	36.63541412
1020.5	36.6710434
1021	36.66457748
1021.5	36.68527222
1022	36.75016403
1022.5	36.70537567
1023	36.70438766
1023.5	36.75929642
1024	36.7141571
1024.5	36.71537781
1025	36.74501038
1025.5	36.69485092
1026	36.70760345
1026.5	36.7357254
1027	36.82308197
1027.5	36.74642563
1028	36.75209427
1028.5	36.73626328
1029	36.81245804
1029.5	36.78662491
1030	36.77732468
1030.5	36.80487061
1031	36.81345749
1031.5	36.81015778
1032	36.85770798
1032.5	36.79047775
1033	36.81210327
1033.5	36.82591248
1034	36.80835342
1034.5	36.8515892
1035	36.75091171
1035.5	36.90793228
1036	36.80875397
1036.5	36.84251785
1037	36.81016159
1037.5	36.81937027
1038	36.86639404
1038.5	36.85853195
1039	36.89191055
1039.5	36.85518646
1040	36.91780472
1040.5	36.86830521
1041	36.84721756
1041.5	36.86952591
1042	36.95884705
1042.5	36.92175293
1043	36.9053154
1043.5	36.92458344
1044	36.92282104
1044.5	36.89060974
1045	36.93990707
1045.5	36.90312195
1046	36.99954605
1046.5	37.01184845
1047	36.91548538
1047.5	37.03649521
1048	36.94573212
1048.5	36.95946503
1049	36.98464203
1049.5	36.97355652
1050	36.98272324
1050.5	36.94032288
1051	36.9852066
1051.5	37.0257988
1052	36.97158813
1052.5	36.93437195
1053	36.94113922
1053.5	36.95718002
1054	37.03736877
1054.5	37.01034927
1055	37.03011703
1055.5	36.9875145
1056	37.11959839
1056.5	36.98424911
1057	37.05978775
1057.5	37.03902817
1058	36.97871017
1058.5	37.01306915
1059	37.09938431
1059.5	37.00092316
1060	37.06714249
1060.5	37.05702591
1061	37.03673172
1061.5	37.1709671
1062	37.07714081
1062.5	37.01020813
1063	37.04118347
1063.5	37.03316498
1064	37.10707092
1064.5	37.09975815
1065	37.08615112
1065.5	37.07570648
1066	37.08338547
1066.5	37.10895538
1067	37.15753174
1067.5	37.07757187
1068	37.14944839
1068.5	37.17092133
1069	37.18603134
1069.5	37.07616043
1070	37.11458969
1070.5	37.1721077
1071	37.11613846
1071.5	37.13898087
1072	37.18702316
1072.5	37.1142807
1073	37.18336105
1073.5	37.14970779
1074	37.20726776
1074.5	37.13661194
1075	37.14120483
1075.5	37.13710785
1076	37.14167786
1076.5	37.14814377
1077	37.1322403
1077.5	37.16859055
1078	37.15021515
1078.5	37.23494339
1079	37.21393204
1079.5	37.18973923
1080	37.16141129
1080.5	37.22053146
1081	37.21451569
1081.5	37.22572327
1082	37.20598984
1082.5	37.23675156
1083	37.27590179
1083.5	37.1919136
1084	37.23292923
1084.5	37.19271088
1085	37.24340057
1085.5	37.21535492
1086	37.21263885
1086.5	37.28382111
1087	37.25421906
1087.5	37.25722122
1088	37.20602417
1088.5	37.25958252
1089	37.27869797
1089.5	37.27514267
1090	37.2460289
1090.5	37.21945572
1091	37.24645615
1091.5	37.25432587
1092	37.22380066
1092.5	37.25605392
1093	37.27434921
1093.5	37.26938248
1094	37.24451828
1094.5	37.2503891
1095	37.28686905
1095.5	37.29697418
1096	37.272789
1096.5	37.26514816
1097	37.29521561
1097.5	37.32167435
1098	37.28298187
1098.5	37.27463913
1099	37.3059082
1099.5	37.27846909
1100	37.28071594
1100.5	37.30037689
1101	37.27308655
1101.5	37.32000732
1102	37.34367371
1102.5	37.32488632
1103	37.32117844
1103.5	37.33469391
1104	37.26657867
1104.5	37.38173676
1105	37.32327271
1105.5	37.28967285
1106	37.35246277
1106.5	37.32435226
1107	37.3649025
1107.5	37.32743835
1108	37.32574463
1108.5	37.35433578
1109	37.37924576
1109.5	37.289505
1110	37.31971359
1110.5	37.37998199
1111	37.34686279
1111.5	37.30265045
1112	37.34780121
1112.5	37.34724426
1113	37.37472916
1113.5	37.35610199
1114	37.41137695
1114.5	37.36254883
1115	37.3176651
1115.5	37.31517792
1116	37.34152222
1116.5	37.38424683
1117	37.40343857
1117.5	37.38805771
1118	37.38694382
1118.5	37.39608383
1119	37.36231232
1119.5	37.37604904
1120	37.3667984
1120.5	37.34584427
1121	37.3918457
1121.5	37.41558075
1122	37.38181686
1122.5	37.42501831
1123	37.34292603
1123.5	37.38256454
1124	37.36143112
1124.5	37.40989685
1125	37.3883934
1125.5	37.46328735
1126	37.3970108
1126.5	37.4084816
1127	37.36663055
1127.5	37.37869263
1128	37.38350296
1128.5	37.3920784
1129	37.3925705
1129.5	37.43653107
1130	37.41386795
1130.5	37.43931198
1131	37.44752502
1131.5	37.38921356
1132	37.42715073
1132.5	37.38862228
1133	37.46578217
1133.5	37.42136765
1134	37.41775894
1134.5	37.41620636
1135	37.43691635
1135.5	37.40556335
1136	37.42769623
1136.5	37.40755081
1137	37.38743973
1137.5	37.48568726
1138	37.39089203
1138.5	37.4145813
1139	37.48262024
1139.5	37.44668198
1140	37.44259644
1140.5	37.36420441
1141	37.5022316
1141.5	37.42844772
1142	37.44443512
1142.5	37.42074203
1143	37.42916489
1143.5	37.39844513
1144	37.44608688
1144.5	37.454422
1145	37.37172318
1145.5	37.4891243
1146	37.44410706
1146.5	37.3986702
1147	37.41107559
1147.5	37.46349716
1148	37.43247986
1148.5	37.40705109
1149	37.41623306
1149.5	37.44752121
1150	37.45262527
1150.5	37.46963882
1151	37.46598053
1151.5	37.46937561
1152	37.42699814
1152.5	37.52681351
1153	37.44151688
1153.5	37.47682571
1154	37.4280777
1154.5	37.48969269
1155	37.45124435
1155.5	37.44477463
1156	37.43000031
1156.5	37.48932648
1157	37.52498627
1157.5	37.39952087
1158	37.43066406
1158.5	37.49914551
1159	37.50528717
1159.5	37.47400284
1160	37.42688751
1160.5	37.47649384
1161	37.49375153
1161.5	37.42766953
1162	37.42093277
1162.5	37.42227173
1163	37.4907608
1163.5	37.4546814
1164	37.45741653
1164.5	37.40694809
1165	37.43172836
1165.5	37.41713715
1166	37.43180847
1166.5	37.4642868
1167	37.3739357
1167.5	37.47356033
1168	37.5324173
1168.5	37.44860458
1169	37.45093536
1169.5	37.45251465
1170	37.46807098
1170.5	37.49316788
1171	37.4779892
1171.5	37.50382233
1172	37.46092987
1172.5	37.4729538
1173	37.44290924
1173.5	37.44252777
1174	37.49190903
1174.5	37.46189499
1175	37.42010117
1175.5	37.49300385
1176	37.49706268
1176.5	37.44100189
1177	37.4046936
1177.5	37.47537613
1178	37.47444534
1178.5	37.4475441
1179	37.46647644
1179.5	37.50046921
1180	37.45384979
1180.5	37.46455765
1181	37.42725372
1181.5	37.49822235
1182	37.43567657
1182.5	37.47174835
1183	37.48514175
1183.5	37.47704697
1184	37.44324112
1184.5	37.44164276
1185	37.51135635
1185.5	37.46869659
1186	37.48104095
1186.5	37.46516418
1187	37.47596359
1187.5	37.48730469
1188	37.49633026
1188.5	37.4760437
1189	37.46988678
1189.5	37.4500351
1190	37.48317719
1190.5	37.53025055
1191	37.47416306
1191.5	37.46398544
1192	37.48022842
1192.5	37.45820618
1193	37.46503448
1193.5	37.43991852
1194	37.4943924
1194.5	37.43815613
1195	37.48079681
1195.5	37.47260666
1196	37.48508453
1196.5	37.46265411
1197	37.4205513
1197.5	37.47420502
1198	37.44823074
1198.5	37.4458046
1199	37.48873901
1199.5	37.413414
1200	37.44804001
1200.5	37.39478302
1201	37.43061829
1201.5	37.40447617
1202	37.42440414
1202.5	37.39104462
1203	37.47179413
1203.5	37.36203003
1204	37.42818069
1204.5	37.51462555
1205	37.40621948
1205.5	37.40701294
1206	37.43000031
1206.5	37.45903397
1207	37.41622162
1207.5	37.44187164
1208	37.42274475
1208.5	37.3574791
1209	37.4131546
1209.5	37.34038925
1210	37.46895599
1210.5	37.37503433
1211	37.40262985
1211.5	37.44692993
1212	37.39714432
1212.5	37.42011642
1213	37.38044357
1213.5	37.56262589
1214	37.40823746
1214.5	37.42852783
1215	37.40557098
1215.5	37.39925766
1216	37.40773392
1216.5	37.41298294
1217	37.35482788
1217.5	37.42217255
1218	37.42022324
1218.5	37.33967972
1219	37.42510605
1219.5	37.38574982
1220	37.42043304
1220.5	37.40326691
1221	37.42248917
1221.5	37.3107338
1222	37.42859268
1222.5	37.38526917
1223	37.38101578
1223.5	37.32955933
1224	37.38718796
1224.5	37.41339874
1225	37.35569763
1225.5	37.39974213
1226	37.34371567
1226.5	37.38108063
1227	37.34860229
1227.5	37.3559227
1228	37.35435104
1228.5	37.33309555
1229	37.29324722
1229.5	37.26081085
1230	37.34032059
1230.5	37.30237198
1231	37.3353653
1231.5	37.33880615
1232	37.3783989
1232.5	37.30004883
1233	37.27946854
1233.5	37.26009369
1234	37.29121017
1234.5	37.39219666
1235	37.31846619
1235.5	37.34410858
1236	37.33260345
1236.5	37.30992508
1237	37.25536728
1237.5	37.3180542
1238	37.32758331
1238.5	37.33130264
1239	37.25847626
1239.5	37.22253036
1240	37.29747391
1240.5	37.36904907
1241	37.25389099
1241.5	37.30690765
1242	37.25434494
1242.5	37.23819733
1243	37.25329971
1243.5	37.26823044
1244	37.30833817
1244.5	37.27038574
1245	37.2430191
1245.5	37.28586197
1246	37.26052475
1246.5	37.504776
1247	37.23900986
1247.5	37.24339294
1248	37.32291031
1248.5	37.24625397
1249	37.2429924
1249.5	37.2168808
1250	37.24748993
1250.5	37.2365303
1251	37.2265358
1251.5	37.22914886
1252	37.2413559
1252.5	37.18480301
1253	37.23379898
1253.5	37.16693115
1254	37.25199509
1254.5	37.25837708
1255	37.2599678
1255.5	37.23677826
1256	37.23368835
1256.5	37.25637054
1257	37.18645096
1257.5	37.18528748
1258	37.2394104
1258.5	37.16822815
1259	37.20106888
1259.5	37.21760941
1260	37.19953156
1260.5	37.20827866
1261	37.14843369
1261.5	37.15233231
1262	37.13062286
1262.5	37.1287384
1263	37.19522095
1263.5	37.15611649
1264	37.18454742
1264.5	37.19475174
1265	37.12876892
1265.5	37.17815399
1266	37.12349701
1266.5	37.1350708
1267	37.19821548
1267.5	37.13156509
1268	37.1938324
1268.5	37.10480499
1269	37.14097595
1269.5	37.21627045
1270	37.17457581
1270.5	37.13458633
1271	37.17016602
1271.5	37.15453339
1272	37.04190826
1272.5	37.13784409
1273	37.19810867
1273.5	37.18077087
1274	37.10663223
1274.5	37.11628723
1275	37.13132858
1275.5	37.0797081
1276	37.10549927
1276.5	37.12071991
1277	37.10946655
1277.5	37.06577682
1278	37.10623169
1278.5	37.09962845
1279	37.06152725
1279.5	37.06671906
1280	37.10481644
1280.5	37.04343414
1281	37.04296494
1281.5	37.12295151
1282	37.05991364
1282.5	37.14776611
1283	37.06468201
1283.5	37.06539154
1284	37.08006668
1284.5	37.00312805
1285	37.06203461
1285.5	37.03616714
1286	37.07156372
1286.5	37.0819664
1287	37.00637054
1287.5	37.06043625
1288	37.02489853
1288.5	36.99454498
1289	37.0355835
1289.5	37.06826019
1290	37.01477051
1290.5	37.05514526
1291	37.0473671
1291.5	37.08456802
1292	37.06879807
1292.5	37.02082062
1293	36.9982338
1293.5	36.97164536
1294	36.99312973
1294.5	36.96470261
1295	37.02701569
1295.5	37.01281738
1296	37.00006485
1296.5	36.99462509
1297	36.98830414
1297.5	36.95436478
1298	36.96923828
1298.5	36.99297714
1299	36.98892593
1299.5	36.97403336
1300	36.97935486
1300.5	36.93239975
1301	36.97091293
1301.5	36.94018555
1302	36.92743301
1302.5	36.94452667
1303	36.96908188
1303.5	36.8979454
1304	36.94535065
1304.5	36.9278183
1305	36.93311691
1305.5	36.93342972
1306	36.89465332
1306.5	36.95523453
1307	36.90010834
1307.5	36.93453598
1308	36.94984055
1308.5	36.86871338
1309	36.88277054
1309.5	36.88142395
1310	36.92573547
1310.5	36.89118195
1311	36.88089752
1311.5	36.89040756
1312	36.86189651
1312.5	36.89215088
1313	36.9419632
1313.5	36.8944397
1314	36.88097763
1314.5	36.92308807
1315	36.88796616
1315.5	36.80841446
1316	36.82913971
1316.5	36.94309998
1317	36.85334778
1317.5	36.81375504
1318	36.84960556
1318.5	36.8889122
1319	36.82452393
1319.5	36.82139206
1320	36.86589813
1320.5	36.87398911
1321	36.80790329
1321.5	36.76892853
1322	36.80170822
1322.5	36.88398361
1323	36.77664566
1323.5	36.8640976
1324	36.82034302
1324.5	36.80054474
1325	36.78098297
1325.5	36.81254578
1326	36.75740051
1326.5	36.80553055
1327	36.82678223
1327.5	36.78036499
1328	36.74234009
1328.5	36.82678986
1329	36.87052536
1329.5	36.77708435
1330	36.82332611
1330.5	36.83300018
1331	36.77284241
1331.5	36.76720428
1332	36.75537109
1332.5	36.80936813
1333	36.77858353
1333.5	36.85506058
1334	36.75767899
1334.5	36.72711945
1335	36.76298141
1335.5	36.79288864
1336	36.76094437
1336.5	36.70695496
1337	36.77038574
1337.5	36.72522736
1338	36.75785828
1338.5	36.711689
1339	36.7760849
1339.5	36.78573608
1340	36.73163223
1340.5	36.7666893
1341	36.74297333
1341.5	36.76746368
1342	36.74343491
1342.5	36.7035141
1343	36.68724823
1343.5	36.7109375
1344	36.68629456
1344.5	36.70516586
1345	36.66200638
1345.5	36.66664505
1346	36.68611526
1346.5	36.65866089
1347	36.75149536
1347.5	36.71750259
1348	36.68952179
1348.5	36.67422104
1349	36.69661713
1349.5	36.60622025
1350	36.65568542
1350.5	36.60890579
1351	36.64821243
1351.5	36.67221832
1352	36.67041397
1352.5	36.62005234
1353	36.68176651
1353.5	36.59495544
1354	36.66728592
1354.5	36.68660355
1355	36.66258621
1355.5	36.69103241
1356	36.61413956
1356.5	36.51408386
1357	36.67827225
1357.5	36.56016159
1358	36.63180923
1358.5	36.68221283
1359	36.70458603
1359.5	36.63267517
1360	36.60321045
1360.5	36.60250473
1361	36.63044739
1361.5	36.60010529
1362	36.59996796
1362.5	36.60894394
1363	36.63053513
1363.5	36.59490585
1364	36.55612564
1364.5	36.58611679
1365	36.57505798
1365.5	36.61731339
1366	36.56641388
1366.5	36.57795334
1367	36.53131866
1367.5	36.59337997
1368	36.50559616
1368.5	36.50785065
1369	36.47644043
1369.5	36.55493164
1370	36.52593613
1370.5	36.41208267
1371	36.47449112
1371.5	36.43743515
1372	36.44534302
1372.5	36.44929886
1373	36.46873093
1373.5	36.44286346
1374	36.4630661
1374.5	36.378582
1375	36.39772415
1375.5	36.43638611
1376	36.339077
1376.5	36.36225128
1377	36.37443924
1377.5	36.39391327
1378	36.34683609
1378.5	36.35975647
1379	36.33872986
1379.5	36.36533737
1380	36.27842331
1380.5	36.26576233
1381	36.29095078
1381.5	36.25980377
1382	36.15462112
1382.5	36.18700027
1383	36.30181122
1383.5	36.26251984
1384	36.2177887
1384.5	36.20518494
1385	36.19047928
1385.5	36.27565765
1386	36.17705917
1386.5	36.21765518
1387	36.16954803
1387.5	36.21849823
1388	36.22518158
1388.5	36.09279251
1389	36.13602829
1389.5	36.15101242
1390	36.08281708
1390.5	36.05912018
1391	36.13677597
1391.5	35.99530029
1392	36.14023972
1392.5	36.04294205
1393	36.06475449
1393.5	35.93652725
1394	36.03132248
1394.5	36.00012589
1395	35.98445511
1395.5	36.0154686
1396	36.0616951
1396.5	35.92095947
1397	35.9444313
1397.5	35.94618607
1398	35.94832993
1398.5	35.91664124
1399	35.93344116
1399.5	35.89905167
1400	35.90833664
1400.5	35.95067978
1401	35.90469742
1401.5	35.8932724
1402	35.89000702
1402.5	35.90621567
1403	35.87870026
1403.5	35.88368225
1404	35.7874794
1404.5	35.86763
1405	35.84295654
1405.5	35.78040695
1406	35.84536743
1406.5	35.85880661
1407	35.83446121
1407.5	35.75643158
1408	35.78855515
1408.5	35.75244904
1409	35.77335358
1409.5	35.76634216
1410	35.74308777
1410.5	35.7532692
1411	35.87052536
1411.5	35.75335312
1412	35.81159973
1412.5	35.77103424
1413	35.68704605
1413.5	35.81966019
1414	35.75896072
1414.5	35.75832748
1415	35.78223419
1415.5	35.75858307
1416	35.8135643
1416.5	35.71527481
1417	35.7780571
1417.5	35.70507431
1418	35.72224045
1418.5	35.81048965
1419	35.79206467
1419.5	35.76271057
1420	35.77051926
1420.5	35.79768372
1421	35.78994751
1421.5	35.7338028
1422	35.83991241
1422.5	35.87365341
1423	35.87272644
1423.5	35.84305954
1424	35.85469818
1424.5	35.87005997
1425	35.91474915
1425.5	35.86315918
1426	35.95686722
1426.5	35.91265106
1427	35.92507172
1427.5	35.93456268
1428	35.8860817
1428.5	36.01543427
1429	35.9657135
1429.5	35.98209
1430	35.98009872
1430.5	35.92692184
1431	35.90823364
1431.5	35.98495483
1432	36.02967072
1432.5	36.03358459
1433	36.01867676
1433.5	36.02101898
1434	35.97425461
1434.5	36.01955032
1435	36.03995514
1435.5	36.03363037
1436	36.01028442
1436.5	35.95660782
1437	36.03612137
1437.5	36.02428818
1438	36.06855774
1438.5	36.02110291
1439	36.00330734
1439.5	36.01165009
1440	36.02243423
1440.5	35.994133
1441	36.02227402
1441.5	36.01815796
1442	35.99604034
1442.5	36.06027222
1443	36.0254364
1443.5	36.02711105
1444	36.0421524
1444.5	36.00718689
1445	35.9955101
1445.5	36.04446793
1446	36.02898026
1446.5	36.00784683
1447	36.03875732
1447.5	35.99717712
1448	36.04983521
1448.5	36.02086258
1449	36.13944626
1449.5	36.06048965
1450	36.02919769
1450.5	36.06615067
1451	36.08390427
1451.5	36.03400421
1452	35.99509811
1452.5	36.0795784
1453	36.14546204
1453.5	36.15082932
1454	35.98283768
1454.5	36.04747391
1455	36.07723999
1455.5	36.08089447
1456	36.00485229
1456.5	36.10741806
1457	36.11177063
1457.5	36.05130768
1458	36.04457855
1458.5	36.0202179
1459	36.03731537
1459.5	36.0774765
1460	36.06258774
1460.5	36.00256348
1461	36.02181244
1461.5	36.07454681
1462	36.0606308
1462.5	36.00209808
1463	35.9681015
1463.5	35.9968605
1464	36.05836487
1464.5	36.07345963
1465	36.04799652
1465.5	36.04146194
1466	36.12750626
1466.5	36.02392197
1467	36.07357788
1467.5	36.01985168
1468	35.99695969
1468.5	36.08445358
1469	36.15116119
1469.5	35.95993805
1470	35.95837021
1470.5	36.08385468
1471	36.03735352
1471.5	36.0161705
1472	36.08013535
1472.5	36.02431107
1473	36.06616974
1473.5	36.15463257
1474	36.06516266
1474.5	36.00595474
1475	36.04765701
1475.5	36.10511017
1476	36.0125885
1476.5	36.07678986
1477	36.04273987
1477.5	36.02942657
1478	36.1321106
1478.5	36.00506592
1479	36.0969162
1479.5	36.05260468
1480	36.01791382
1480.5	36.02682114
1481	36.03985977
1481.5	36.1318779
1482	35.9908638
1482.5	36.08926392
1483	36.09039307
1483.5	36.02845764
1484	35.96294022
1484.5	36.05081558
1485	35.95467377
1485.5	36.03279114
1486	36.09405136
1486.5	36.00662994
1487	36.11667633
1487.5	36.05574417
1488	36.00645447
1488.5	35.99658966
1489	36.0587883
1489.5	36.02780533
1490	36.02231598
1490.5	36.07315826
1491	36.07224274
1491.5	36.0971489
1492	36.0133667
1492.5	36.0999527
1493	36.05575943
1493.5	35.97393799
1494	36.04944992
1494.5	35.97200012
1495	36.03511047
1495.5	35.94205475
1496	36.05632782
1496.5	36.08528519
1497	36.07521057
1497.5	35.97729492
1498	36.09245682
1498.5	36.05462265
1499	36.12834549
1499.5	35.99971008
1500	36.00343323
1500.5	36.02414322
1501	36.06253052
1501.5	36.08120346
1502	36.00764465
1502.5	36.02694702
1503	36.06230164
1503.5	36.0463028
1504	36.01873779
1504.5	36.00317383
1505	36.07438278
1505.5	36.01042938
1506	36.01583099
1506.5	36.01272583
1507	36.00104904
1507.5	35.99214172
1508	36.01040649
1508.5	35.97871399
1509	36.1321106
1509.5	36.03961945
1510	36.10299683
1510.5	35.99980927
1511	35.96790695
1511.5	35.95891953
1512	36.09928894
1512.5	36.03171921
1513	36.06868744
1513.5	36.02877808
1514	35.97159576
1514.5	36.04260254
1515	36.02002716
1515.5	36.04109955
1516	36.14860535
1516.5	36.12066269
1517	35.96597672
1517.5	36.03672791
1518	36.08016205
1518.5	36.06742477
1519	36.09783936
1519.5	36.09629822
1520	36.06765747
1520.5	36.14461517
1521	36.04919815
1521.5	36.04334259
1522	36.06874466
1522.5	36.03722382
1523	36.02762985
1523.5	36.08008194
1524	35.98553085
1524.5	36.16983795
1525	36.00928879
1525.5	36.11302567
1526	36.10411072
1526.5	35.99091339
1527	36.06662369
1527.5	36.07509995
1528	35.99413681
1528.5	36.1172905
1529	36.05773163
1529.5	36.00442505
1530	36.12282562
1530.5	36.03910065
1531	36.08903122
1531.5	36.04664612
1532	36.15140533
1532.5	36.0723114
1533	35.9640007
1533.5	36.05355835
1534	36.05981445
1534.5	36.04177094
1535	36.11138535
1535.5	36.02834702
1536	36.02667236
1536.5	36.0946579
1537	36.07236099
1537.5	36.05168533
1538	36.04338455
1538.5	35.98915863
1539	36.08530045
1539.5	36.12425613
1540	36.10854721
1540.5	35.99205017
1541	36.03091812
1541.5	36.07184219
1542	35.99947739
1542.5	36.06854248
1543	35.97583389
1543.5	36.14987564
1544	36.00626755
1544.5	36.00701523
1545	36.01264954
1545.5	35.99870682
1546	36.10712814
1546.5	36.10656738
1547	36.09449768
1547.5	36.04967499
1548	36.04541397
1548.5	36.13956451
1549	36.0005188
1549.5	36.0195961
1550	36.1364975
1550.5	36.04167557
1551	36.04837799
1551.5	36.11579132
1552	35.93993759
1552.5	36.08734512
1553	36.04074478
1553.5	36.01564407
1554	35.98373795
1554.5	35.99850464
1555	35.96687317
1555.5	36.09865952
1556	35.96445084
1556.5	36.07516479
1557	36.06580734
1557.5	35.99201965
1558	36.07264328
1558.5	36.04811096
1559	35.9744606
1559.5	36.09666061
1560	36.08122253
1560.5	36.01292419
1561	35.9904213
1561.5	36.06974411
1562	36.03551865
1562.5	36.07932281
1563	36.01423645
1563.5	36.03963089
1564	36.02603531
1564.5	36.06197739
1565	35.91237259
1565.5	36.0201683
1566	36.07376099
1566.5	36.05817032
1567	36.07595825
1567.5	36.05523682
1568	36.03477859
1568.5	36.05613327
1569	35.90864563
1569.5	36.06124878
1570	36.07830811
1570.5	35.94886398
1571	36.00268555
1571.5	36.06521225
1572	36.02462006
1572.5	35.9910202
1573	36.02943039
1573.5	35.99128342
1574	36.05231094
1574.5	36.06332397
1575	35.97999573
1575.5	36.03502655
1576	36.0669899
1576.5	36.01546478
1577	36.10510635
1577.5	36.00718689
1578	35.96873474
1578.5	35.96689224
1579	35.81598663
1579.5	35.92819595
1580	35.97185135
1580.5	36.0226059
1581	35.99054337
1581.5	36.0120163
1582	35.9285965
1582.5	36.0287323
1583	35.98693848
1583.5	36.08930588
1584	36.05689621
1584.5	35.87461472
1585	35.9604187
1585.5	36.00951004
1586	35.87855148
1586.5	36.07061768
1587	36.07775497
1587.5	35.77847672
1588	35.99726868
1588.5	36.06212997
1589	36.04475403
1589.5	35.92164612
1590	36.02659607
1590.5	36.02339935
1591	35.92650604
1591.5	35.97557068
1592	35.98704529
1592.5	35.91832352
1593	36.00749588
1593.5	36.07062531
1594	36.05445862
1594.5	36.01024246
1595	35.9571228
1595.5	35.97825623
1596	35.93262863
1596.5	36.01484299
1597	36.08250046
1597.5	35.99212646
1598	36.01979065
1598.5	35.96200943
1599	35.92796707
1599.5	35.90950394
1600	35.97941589
1600.5	35.97674179
1601	35.98231506
1601.5	35.95023727
1602	35.74671936
1602.5	36.1456604
1603	36.22787476
1603.5	36.03829575
1604	35.9153595
1604.5	36.02256012
1605	35.9653244
1605.5	36.0161438
1606	36.02318573
1606.5	36.03626251
1607	35.90410614
1607.5	35.99787521
1608	35.91151428
1608.5	35.98749161
1609	35.9741478
1609.5	35.95558548
1610	36.04032516
1610.5	35.96090698
1611	36.07181168
1611.5	35.89099121
1612	35.90267944
1612.5	36.01159668
1613	36.05492783
1613.5	35.98269272
1614	35.98010635
1614.5	35.79208755
1615	36.0293045
1615.5	36.01041412
1616	36.04308701
1616.5	35.88970947
1617	36.04188919
1617.5	35.97584915
1618	36.04153061
1618.5	35.99228668
1619	35.90917587
1619.5	36.0679512
1620	36.00761414
1620.5	35.91949081
1621	36.06459045
1621.5	36.04840088
1622	36.01287842
1622.5	35.94038391
1623	36.01002121
1623.5	35.97697449
1624	36.04124832
1624.5	36.08378983
1625	36.00337601
1625.5	35.9557457
1626	36.01832581
1626.5	36.13492203
1627	35.93108368
1627.5	36.02929688
1628	36.00940704
1628.5	36.12314224
1629	35.99462509
1629.5	36.03478241
1630	35.8973732
1630.5	35.9380455
1631	35.8476944
1631.5	35.91395569
1632	35.94188309
1632.5	35.9720993
1633	36.04598236
1633.5	35.92722702
1634	35.89606476
1634.5	36.09579086
1635	35.98748779
1635.5	35.88977432
1636	36.03689194
1636.5	35.98688126
1637	35.94307709
1637.5	36.01703644
1638	36.01073074
1638.5	36.02704239
1639	35.96232224
1639.5	36.10355377
1640	36.06502533
1640.5	36.10148621
1641	35.93313599
1641.5	35.87630081
1642	36.01093674
1642.5	35.96765137
1643	36.07042694
1643.5	35.91415405
1644	36.00451279
1644.5	35.99008179
1645	35.92322922
1645.5	35.90886307
1646	36.01030731
1646.5	36.12595749
1647	36.09542465
1647.5	36.01420975
1648	36.03591919
1648.5	35.94497299
1649	35.98144531
1649.5	35.99121475
1650	35.9499588
1650.5	36.25768661
1651	36.04318619
1651.5	36.01722336
1652	36.01399994
1652.5	35.99765778
1653	36.13381195
1653.5	36.01044846
1654	35.94513702
1654.5	36.068367
1655	36.10352707
1655.5	36.05388641
1656	36.00177765
1656.5	35.95241165
1657	36.05228806
1657.5	36.01580429
1658	35.95872116
1658.5	36.07462692
1659	36.05807114
1659.5	36.31106567
1660	35.94380188
1660.5	36.15409851
1661	36.10245132
1661.5	36.06788635
1662	36.01351547
1662.5	36.08247757
1663	36.0944519
1663.5	36.05102921
1664	36.12466049
1664.5	35.92023849
1665	36.1482811
1665.5	36.08048248
1666	36.02061462
1666.5	36.21247864
1667	36.04574585
1667.5	36.02845764
1668	36.01669312
1668.5	36.28148651
1669	36.14368439
1669.5	36.18232346
1670	36.02822876
1670.5	36.04026031
1671	36.06506729
1671.5	36.02433014
1672	35.97396088
1672.5	36.0891037
1673	35.97500992
1673.5	36.26023102
1674	36.0490303
1674.5	36.21124268
1675	35.88489532
1675.5	36.08271027
1676	36.14561081
1676.5	35.87608719
1677	36.25362778
1677.5	36.15730667
1678	36.07283783
1678.5	36.07943726
1679	36.03811646
1679.5	35.97076416
1680	36.01417542
1680.5	36.15797043
1681	36.08041763
1681.5	36.13647461
1682	36.08385468
1682.5	36.18911362
1683	36.18026733
1683.5	36.25450134
1684	36.02891159
1684.5	35.99790192
1685	36.15753174
1685.5	36.16869354
1686	35.97001266
1686.5	36.14825439
1687	36.05553818
1687.5	36.2448082
1688	36.30127716
1688.5	36.02100754
1689	36.0762558
1689.5	36.03446198
1690	35.98250198
1690.5	36.19319916
1691	36.11188507
1691.5	36.1939621
1692	36.12781143
1692.5	36.09873199
1693	36.23741531
1693.5	36.17676163
1694	35.96670532
1694.5	36.18982315
1695	36.16373062
1695.5	36.17406082
1696	36.16315842
1696.5	36.12108231
1697	36.15347672
1697.5	36.11619949
1698	36.37202835
1698.5	36.1464119
1699	36.10719299
1699.5	36.28253937
1700	36.1484375
1700.5	36.24674225
1701	36.12294769
1701.5	34.78762054
1702	36.19411469
1702.5	36.27116013
1703	36.03645706
1703.5	36.12047577
1704	36.03327942
1704.5	35.97864151
1705	36.4585495
1705.5	36.14730072
1706	36.12322998
1706.5	35.90642929
1707	36.19125748
1707.5	36.26358414
1708	36.12483978
1708.5	36.50082016
1709	36.06283569
1709.5	36.05429077
1710	36.19408035
1710.5	36.17021179
1711	36.62417603
1711.5	36.28012085
1712	36.1564064
1712.5	36.1154213
1713	35.93062592
1713.5	36.10240936
1714	36.23027039
1714.5	36.21775818
1715	36.25842285
1715.5	36.23987198
1716	36.12354279
1716.5	36.09793091
1717	36.17077637
1717.5	36.41957855
1718	36.04392242
1718.5	36.10431671
1719	36.15493774
1719.5	36.08163834
1720	36.16187286
1720.5	36.08017731
1721	36.43590927
1721.5	36.19565201
1722	36.24275589
1722.5	36.39898682
1723	35.92437363
1723.5	36.03204346
1724	36.27817154
1724.5	36.01340485
1725	36.34018707
1725.5	36.25454712
1726	36.04792404
1726.5	36.180233
1727	36.27774429
1727.5	36.10967255
1728	36.11116791
1728.5	36.08036041
1729	36.17592621
1729.5	36.17824173
1730	36.27268982
1730.5	36.0929985
1731	36.2715416
1731.5	36.48543167
1732	36.27047729
1732.5	35.89897537
1733	36.12511063
1733.5	36.1584816
1734	36.31404495
1734.5	36.19330978
1735	36.38104248
1735.5	36.50896835
1736	36.30228806
1736.5	36.42618179
1737	35.89910889
1737.5	36.24921417
1738	35.97399139
1738.5	36.21094894
1739	36.39683533
1739.5	36.37044907
1740	36.07509613
1740.5	36.36682892
1741	36.39473343
1741.5	36.20677185
1742	35.8850708
1742.5	36.30467987
1743	36.12843704
1743.5	36.22153854
1744	36.07745361
1744.5	35.88516235
1745	36.12721252
1745.5	36.21892166
1746	36.29517365
1746.5	36.32040405
1747	36.33281708
1747.5	36.24120712
1748	36.03519058
1748.5	35.69453049
1749	36.21699142
1749.5	36.24463272
1750	36.12733078
1750.5	36.33800888
1751	36.05323029
1751.5	36.19614029
1752	36.19203949
1752.5	36.45518875
1753	36.00656128
1753.5	36.26979065
1754	36.16862869
1754.5	36.23985672
1755	35.86486435
1755.5	36.49018097
1756	36.06216049
1756.5	36.16075516
1757	35.96208572
1757.5	36.3441124
1758	35.70447922
1758.5	35.95585632
1759	36.56309128
1759.5	35.71946716
1760	35.87247849
1760.5	36.02348709
1761	35.92708588
1761.5	36.2864151
1762	36.3392067
1762.5	36.15540314
1763	36.20005798
1763.5	35.76977158
1764	35.96953201
1764.5	35.78779984
1765	35.87742615
1765.5	37.26895905
1766	35.8962059
1766.5	36.03618622
1767	36.10695267
1767.5	35.95206451
1768	36.29314804
1768.5	36.13592529
1769	36.28525925
1769.5	36.23674774
1770	36.23806381
1770.5	36.33171082
1771	36.02163315
1771.5	35.9250412
1772	36.10163498
1772.5	35.97890854
1773	36.30450058
1773.5	36.08401871
1774	36.09943008
1774.5	35.86637497
1775	35.91444778
1775.5	35.97834396
1776	36.22760391
1776.5	36.06662369
1777	36.28013229
1777.5	36.08061218
1778	36.16066742
1778.5	36.20201492
1779	36.08541489
1779.5	35.88845444
1780	36.102314
1780.5	36.16033554
1781	35.99427032
1781.5	35.88549042
1782	36.10307693
1782.5	35.93358612
1783	35.63680267
1783.5	36.17527008
1784	36.00808334
1784.5	35.85648346
1785	35.97904968
1785.5	36.09104156
1786	36.17797089
1786.5	35.98720551
1787	36.10794067
1787.5	36.08855438
1788	35.87343216
1788.5	36.24761963
1789	36.04739761
1789.5	36.16492081
1790	36.08998871
1790.5	35.8107338
1791	36.27924728
1791.5	36.03239441
1792	36.23445511
1792.5	36.2127037
1793	36.13780212
1793.5	36.12985611
1794	35.86220551
1794.5	36.24370193
1795	36.00773239
1795.5	35.9668808
1796	36.21220398
1796.5	36.08401871
1797	36.05940247
1797.5	35.94126892
1798	35.92196655
1798.5	36.03831482
1799	36.13862228
1799.5	36.07010269
1800	35.85283279
1800.5	36.05675888
1801	36.00879669
1801.5	36.05282974
1802	36.07666016
1802.5	36.00487518
1803	36.15340042
1803.5	36.0700264
1804	36.05115128
1804.5	36.02617264
1805	36.12060547
1805.5	36.31119537
1806	36.32355118
1806.5	35.86750031
1807	35.98716736
1807.5	36.11470413
1808	36.17068863
1808.5	35.88050461
1809	36.07036591
1809.5	36.255867
1810	36.04200745
1810.5	35.88435364
1811	36.03525925
1811.5	36.4861412
1812	35.90271759
1812.5	35.90536118
1813	36.00973129
1813.5	35.93796158
1814	36.0320282
1814.5	36.15035248
1815	36.22381973
1815.5	36.42093658
1816	36.15079117
1816.5	36.22428894
1817	35.79597855
1817.5	35.9496727
1818	36.30120087
1818.5	35.83647537
1819	36.03863525
1819.5	36.16754913
1820	35.94779205
1820.5	36.45588303
1821	36.20280457
1821.5	36.02915192
1822	36.19994736
1822.5	36.12398529
1823	36.18722916
1823.5	36.41246796
1824	36.11628342
1824.5	36.0865097
1825	36.146595
1825.5	36.29920959
1826	36.2509079
1826.5	36.17752457
1827	36.18864059
1827.5	36.03988647
1828	36.22159195
1828.5	36.15599442
1829	36.00428009
1829.5	36.0228653
1830	35.82014084
1830.5	36.04566574
1831	36.33211136
1831.5	35.95983505
1832	36.43116379
1832.5	36.09539413
1833	36.21358109
1833.5	36.23088455
1834	36.27513504
1834.5	36.16506577
1835	35.97451401
1835.5	36.22248077
1836	36.27219391
1836.5	35.97550201
1837	36.02685928
1837.5	36.11909866
1838	36.04365158
1838.5	35.92730331
1839	36.08706284
1839.5	36.23604584
1840	36.27729034
1840.5	36.46516418
1841	36.03743362
1841.5	36.24141693
1842	36.18416595
1842.5	36.11571121
1843	35.93109894
1843.5	36.06690598
1844	35.94403458
1844.5	36.57539749
1845	36.2249794
1845.5	36.27672958
1846	35.78120422
1846.5	36.11811447
1847	35.97119904
1847.5	35.7717247
1848	35.70824051
1848.5	36.34765625
1849	36.21032715
1849.5	36.05997849
1850	36.17385483
1850.5	35.77006149
1851	35.98624802
1851.5	36.35605621
1852	36.22551346
1852.5	36.2358551
1853	36.2615242
1853.5	36.19953918
1854	36.28858185
1854.5	36.04062271
1855	35.91939926
1855.5	36.04603195
1856	36.03809357
1856.5	36.03496552
1857	35.97888947
1857.5	35.87322617
1858	36.19520187
1858.5	36.12700272
1859	36.13318634
1859.5	36.08398438
1860	36.20096207
1860.5	35.97885513
1861	36.06943893
1861.5	36.02095032
1862	36.21498489
1862.5	36.48733521
1863	35.99024963
1863.5	36.73565292
1864	36.17645645
1864.5	36.33063126
1865	36.53702927
1865.5	36.29104996
1866	35.99641037
1866.5	35.7236557
1867	36.19412613
1867.5	36.033741
1868	35.93731308
1868.5	36.24013138
1869	35.99971008
1869.5	35.91094208
1870	36.18236923
1870.5	35.98027039
1871	36.16516495
1871.5	36.51756287
1872	36.08827209
1872.5	35.94019699
1873	36.03993225
1873.5	35.91317368
1874	35.67453384
1874.5	35.97027969
1875	35.89953995
1875.5	36.51130295
1876	36.09746552
1876.5	36.46205521
1877	35.94897842
1877.5	35.83006668
1878	36.08549881
1878.5	36.02179718
1879	35.52033615
1879.5	35.9442215
1880	36.24764252
1880.5	35.95706177
1881	35.75657654
1881.5	36.09426117
1882	35.91014862
1882.5	36.13260651
1883	35.88258743
1883.5	35.64241791
1884	35.99678802
1884.5	35.95901871
1885	36.18214035
1885.5	35.74925232
1886	35.7254715
1886.5	35.79582596
1887	35.74250031
1887.5	35.86679077
1888	35.55644226
1888.5	35.53875351
1889	35.62284088
1889.5	35.70638657
1890	35.51019287
1890.5	35.8595314
1891	35.66555405
1891.5	35.61287308
1892	35.84797668
1892.5	35.71887207
1893	35.70024109
1893.5	35.61952591
1894	35.50640869
1894.5	35.93964005
1895	35.68394852
1895.5	35.47509384
1896	35.59433746
1896.5	35.31659698
1897	35.65588379
1897.5	35.56351852
1898	35.21288681
1898.5	35.61022186
1899	35.44989395
1899.5	35.64717102
1900	35.00958252
1900.5	34.9135704
1901	35.16659927
1901.5	35.16484833
1902	35.44348145
1902.5	35.58233261
1903	35.15192032
1903.5	34.41124344
1904	35.45972443
1904.5	35.45494461
1905	34.84168625
1905.5	35.13004303
1906	35.48933792
1906.5	35.0891571
1907	34.80031967
1907.5	35.27334976
1908	34.93550491
1908.5	35.47602463
1909	35.35914612
1909.5	34.77811813
1910	35.11310196
1910.5	35.0724144
1911	34.98166656
1911.5	35.59286118
1912	34.39081955
1912.5	35.52581787
1913	35.22048187
1913.5	35.20069122
1914	34.96989441
1914.5	35.25985718
1915	34.9481926
1915.5	34.63253784
1916	34.93932724
1916.5	34.85248947
1917	34.5510025
1917.5	34.29409027
1918	34.85219955
1918.5	34.34684753
1919	35.0862236
1919.5	34.83696365
1920	35.07214737
1920.5	34.61247253
1921	34.97135162
1921.5	35.00976563
1922	34.88615417
1922.5	34.81573486
1923	34.8634491
1923.5	34.98904419
1924	35.21988297
1924.5	35.12501526
1925	34.79954147
1925.5	35.54744339
1926	34.36804962
1926.5	35.04240417
1927	35.25614548
1927.5	34.93708038
1928	34.59830093
1928.5	35.25333786
1929	35.03282166
1929.5	35.1597023
1930	35.34570313
1930.5	34.81907654
1931	35.34854507
1931.5	35.03144455
1932	35.20241928
1932.5	34.99159241
1933	34.98879623
1933.5	34.97179031
1934	35.16985321
1934.5	35.0188446
1935	35.04313278
1935.5	35.1427002
1936	34.86746597
1936.5	35.16689682
1937	35.21195602
1937.5	34.87397385
1938	34.7917366
1938.5	34.8011322
1939	34.99329758
1939.5	35.63467789
1940	34.88238907
1940.5	35.36854553
1941	34.5409317
1941.5	34.97843933
1942	35.82321548
1942.5	35.06278229
1943	34.9575386
1943.5	35.04331589
1944	35.34332657
1944.5	35.13630295
1945	35.24700928
1945.5	35.19903564
1946	34.84853363
1946.5	34.74232483
1947	34.34702682
1947.5	35.27101517
1948	35.66308594
1948.5	35.23158264
1949	35.56620026
1949.5	35.38754654
1950	35.29240417
1950.5	35.17026138
1951	35.03292084
1951.5	34.94467926
1952	34.93655396
1952.5	35.22663116
1953	35.49459457
1953.5	35.19118118
1954	35.26473236
1954.5	35.48115921
1955	35.23431015
1955.5	35.394104
1956	35.36320496
1956.5	35.3860321
1957	35.19587708
1957.5	35.41911697
1958	35.07622528
1958.5	35.64519882
1959	35.2520752
1959.5	35.78859711
1960	35.4368248
1960.5	35.08056641
1961	35.69804001
1961.5	34.91765976
1962	35.67613983
1962.5	35.66820526
1963	35.22432327
1963.5	35.48645782
1964	35.07268906
1964.5	35.32158279
1965	35.78828812
1965.5	35.45031357
1966	35.51428986
1966.5	35.23055649
1967	35.73519135
1967.5	35.40039063
1968	35.1248703
1968.5	35.257267
1969	35.25575638
1969.5	35.6709404
1970	35.42772675
1970.5	35.1444931
1971	35.42045212
1971.5	35.60654068
1972	35.41002274
1972.5	35.56114578
1973	35.61366653
1973.5	35.47661972
1974	35.69145584
1974.5	35.76102448
1975	35.59197235
1975.5	35.38250732
1976	35.58115387
1976.5	35.7211113
1977	35.59738541
1977.5	35.62491608
1978	35.80931854
1978.5	35.63041687
1979	35.47071075
1979.5	35.60356522
1980	36.0665741
1980.5	36.1774826
1981	35.73709106
1981.5	35.92417145
1982	35.58594894
1982.5	35.47320938
1983	35.91207504
1983.5	35.72664261
1984	35.37614059
1984.5	35.48151016
1985	35.93972015
1985.5	35.87602997
1986	35.72104645
1986.5	35.70961761
1987	35.93110275
1987.5	35.45395279
1988	35.77975845
1988.5	35.9871254
1989	35.71207428
1989.5	35.59947205
1990	35.39944839
1990.5	35.21819305
1991	35.71520233
1991.5	36.16846085
1992	35.86188126
1992.5	35.51942825
1993	35.68151093
1993.5	35.72043991
1994	35.71210098
1994.5	35.60447693
1995	36.17301559
1995.5	36.40733719
1996	35.5285759
1996.5	35.86706924
1997	35.54145432
1997.5	35.5151329
1998	36.03896332
1998.5	36.05245209
1999	36.07332611
1999.5	35.9036026
2000	35.07477951
2000.5	36.2543602
2001	36.31639862
2001.5	36.08041763
2002	36.09981155
2002.5	35.40859604
2003	35.7241478
2003.5	35.94100952
2004	36.23578262
2004.5	36.279953
2005	35.89407349
2005.5	35.79185486
2006	35.76615143
2006.5	36.21261978
2007	35.86841965
2007.5	36.31774139
2008	36.2754631
2008.5	35.97380066
2009	36.00174713
2009.5	35.96044922
2010	36.59135056
2010.5	36.17920303
2011	35.9863205
2011.5	35.83315659
2012	35.93321609
2012.5	36.44628906
2013	36.29217911
2013.5	36.49808884
2014	36.1706543
2014.5	36.71058655
2015	36.47611618
2015.5	36.43109894
2016	35.92919922
2016.5	36.71147156
2017	35.9173851
2017.5	36.19847488
2018	35.57662582
2018.5	35.87335587
2019	36.23266983
2019.5	36.00966263
2020	36.12067413
2020.5	36.24282455
2021	36.73009872
2021.5	36.07794571
2022	36.53509903
2022.5	36.65120316
2023	36.8440361
2023.5	36.38375473
2024	37.0646286
2024.5	36.65863419
2025	36.78645706
2025.5	36.20240784
2026	36.18204117
2026.5	36.71954727
2027	36.72044754
2027.5	36.68060684
2028	36.21296692
2028.5	36.75894928
2029	36.03271103
2029.5	36.66762924
2030	35.86047363
2030.5	36.23243713
2031	36.71435547
2031.5	36.14311981
2032	35.88055801
2032.5	36.83346939
2033	36.38492203
2033.5	36.04320526
2034	36.65312958
2034.5	36.19770813
2035	36.31348801
2035.5	36.58604431
2036	36.20537949
2036.5	36.55805206
2037	36.2519455
2037.5	36.88698578
2038	36.27155685
2038.5	36.5659523
2039	36.32815933
2039.5	36.27205658
2040	36.39538193
2040.5	36.43792343
2041	36.94864655
2041.5	36.37392044
2042	37.2189064
2042.5	37.07135773
2043	35.83539963
2043.5	37.82771301
2044	36.50344849
2044.5	36.29700851
2045	37.14876938
2045.5	36.91464233
2046	36.53286362
2046.5	37.24123001
2047	36.70212555
2047.5	37.3577652
2048	36.5759964
2048.5	36.49293137
2049	36.7142601
2049.5	36.81307602
2050	36.87924194
2050.5	36.08456421
2051	37.05424881
2051.5	36.50249863
2052	36.66780472
2052.5	37.24694824
2053	36.51752472
2053.5	36.19908905
2054	36.38533783
2054.5	36.68696213
2055	36.80537033
2055.5	36.50277328
2056	36.52256012
2056.5	36.25513458
2057	36.42208481
2057.5	36.97608566
2058	36.23254395
2058.5	36.29187775
2059	36.37741089
2059.5	36.43264008
2060	37.23436737
2060.5	36.70606613
2061	36.85774994
2061.5	36.70629501
2062	37.50728226
2062.5	36.66081238
2063	36.97325134
2063.5	37.30641174
2064	37.19316864
2064.5	36.41706467
2065	36.24673462
2065.5	36.7894783
2066	36.58895493
2066.5	37.14252853
2067	37.21121979
2067.5	36.19057465
2068	37.07500839
2068.5	36.73721313
2069	36.80600739
2069.5	36.6400795
2070	37.52964401
2070.5	36.5939827
2071	36.7265625
2071.5	36.67176819
2072	36.86319351
2072.5	36.87834549
2073	37.0281601
2073.5	36.88459396
2074	37.02494049
2074.5	36.04125977
2075	36.5435257
2075.5	36.62913895
2076	36.65417862
2076.5	36.58661652
2077	36.30031967
2077.5	36.36694717
2078	37.079422
2078.5	36.75008392
2079	36.35279083
2079.5	36.5668869
2080	37.28995132
2080.5	36.87409973
2081	36.99815369
2081.5	36.46416092
2082	36.4679451
2082.5	36.78736877
2083	36.95022583
2083.5	36.81740189
2084	36.84674454
2084.5	37.21440506
2085	36.54538727
2085.5	37.2959938
2086	36.44816971
2086.5	37.23748398
2087	37.11671448
2087.5	36.4691124
2088	36.5285759
2088.5	37.01086426
2089	36.60165024
2089.5	37.2883606
2090	36.85850525
2090.5	36.55294037
2091	37.00766754
2091.5	37.38337708
2092	36.57818985
2092.5	36.53562164
2093	36.75001526
2093.5	36.93966675
2094	36.97099686
2094.5	36.6995697
2095	37.18681335
2095.5	36.97905731
2096	36.97272491
2096.5	36.52436066
2097	36.93265915
2097.5	36.64657211
2098	37.06183624
2098.5	36.95498276
2099	36.48595428
2099.5	36.91618347
2100	37.0894165
2100.5	37.19313049
2101	37.19684982
2101.5	37.77158737
2102	37.1792984
2102.5	37.0006752
2103	36.77006531
2103.5	36.72575378
2104	36.6449852
2104.5	36.7169342
2105	37.08220291
2105.5	37.88989639
2106	37.00975037
2106.5	37.01332474
2107	37.42354965
2107.5	36.90811157
2108	37.46948624
2108.5	36.71973419
2109	37.91973114
2109.5	36.93624115
2110	36.9801445
2110.5	37.57183838
2111	37.28736115
2111.5	36.82612991
2112	36.55244446
2112.5	36.97286606
2113	37.56477356
2113.5	36.60403061
2114	37.45969009
2114.5	37.2738266
2115	36.14341736
2115.5	37.55686951
2116	36.9081955
2116.5	37.44118118
2117	37.08918381
2117.5	37.11393356
2118	37.20881653
2118.5	37.29000473
2119	37.59318542
2119.5	36.88103867
2120	36.74269485
2120.5	37.41133881
2121	37.22418976
2121.5	36.98921585
2122	36.93756104
2122.5	37.53640366
2123	37.21721268
2123.5	37.20663834
2124	38.18390274
2124.5	37.46749115
2125	37.10378265
2125.5	37.98781204
2126	37.42770386
2126.5	37.11927414
2127	37.486866
2127.5	37.1043663
2128	37.38294983
2128.5	37.08725739
2129	37.54540253
2129.5	37.57328796
2130	37.07655716
2130.5	36.63611984
2131	36.73063278
2131.5	37.97628403
2132	37.42935944
2132.5	37.94061279
2133	35.79774857
2133.5	36.99089813
2134	38.22666168
2134.5	36.09276199
2135	37.37097168
2135.5	36.75339508
2136	37.03479004
2136.5	36.55439758
2137	38.57396698
2137.5	37.16226959
2138	37.35553741
2138.5	37.7289238
2139	37.22811508
2139.5	37.49631119
2140	36.31080246
2140.5	37.06520844
2141	36.70680237
2141.5	37.28373718
2142	37.41398621
2142.5	37.02655411
2143	37.33779907
2143.5	35.87775421
2144	37.17201996
2144.5	36.45215988
2145	37.10988235
2145.5	36.87711716
2146	36.33691788
2146.5	36.70432663
2147	37.33635712
2147.5	36.72337341
2148	36.50405884
2148.5	37.25090408
2149	37.41597366
2149.5	37.22005463
2150	36.46458435
2150.5	36.4036026
2151	37.33646393
2151.5	37.01308823
2152	36.39824677
2152.5	37.7605629
2153	36.66701889
2153.5	37.6007576
2154	35.70668793
2154.5	37.29592133
2155	36.50668716
2155.5	37.30631638
2156	36.8993454
2156.5	36.18486404
2157	36.5461998
2157.5	36.24084091
2158	36.30097961
2158.5	35.83672333
2159	36.37801743
2159.5	37.14930344
2160	36.85769272
2160.5	35.9260788
2161	36.74497223
2161.5	36.67427444
2162	36.31668854
2162.5	36.1097908
2163	35.97970581
2163.5	36.30277252
2164	35.68938828
2164.5	35.58823395
2165	36.57462311
2165.5	36.85608292
2166	35.4961586
2166.5	35.99411392
2167	36.04858398
2167.5	36.62321854
2168	35.93718719
2168.5	36.22614288
2169	34.6619072
2169.5	35.97224808
2170	35.89618683
2170.5	36.75260162
2171	36.29441833
2171.5	35.58261871
2172	35.95527649
2172.5	35.91832352
2173	36.14666748
2173.5	35.98350143
2174	36.68345261
2174.5	35.98242569
2175	35.86768341
2175.5	34.83208084
2176	36.72196579
2176.5	35.54618454
2177	36.0628891
2177.5	35.66632843
2178	35.55444717
2178.5	36.05538177
2179	35.2647934
2179.5	36.06614685
2180	35.54165649
2180.5	35.5127182
2181	34.99993515
2181.5	35.25619888
2182	35.42908478
2182.5	36.31159973
2183	36.26898956
2183.5	35.68486023
2184	36.00758362
2184.5	35.10932159
2185	35.70304108
2185.5	36.44260025
2186	35.6898613
2186.5	35.71708679
2187	35.41725922
2187.5	35.39585876
2188	35.28777695
2188.5	35.18051529
2189	34.78461456
2189.5	34.79718399
2190	34.99617767
2190.5	35.53266907
2191	35.47679901
2191.5	34.83299637
2192	35.41962051
2192.5	35.23054123
2193	34.69772339
2193.5	35.66476822
2194	35.45633698
2194.5	35.37042236
2195	35.6422081
2195.5	34.59818268
2196	34.65093231
2196.5	35.57623291
2197	34.63221741
2197.5	34.38767624
2198	34.52374649
2198.5	34.93681717
2199	35.20860672
2199.5	34.34050369
2200	34.84068298
2200.5	34.51666641
2201	35.43593597
2201.5	34.47494125
2202	34.94750977
2202.5	34.52324295
2203	34.84108734
2203.5	34.90191269
2204	34.63231277
2204.5	35.27013779
2205	34.59544754
2205.5	35.02213287
2206	34.08635712
2206.5	35.32935715
2207	35.02915573
2207.5	35.83628082
2208	34.59588242
2208.5	35.56922531
2209	35.04740143
2209.5	35.05628204
2210	35.20980072
2210.5	35.11307526
2211	34.82118988
2211.5	34.44308472
2212	34.93877029
2212.5	35.49336243
2213	35.28208923
2213.5	35.36843491
2214	35.47231674
2214.5	36.02437973
2215	34.97881317
2215.5	35.30993652
2216	36.21433258
2216.5	35.47186279
2217	36.23914337
2217.5	35.13015747
2218	35.64858246
2218.5	35.29732513
2219	34.62687302
2219.5	35.70264053
2220	35.83922577
2220.5	35.13064957
2221	34.82183075
2221.5	35.29972076
2222	35.28010941
2222.5	35.44615555
2223	36.28050995
2223.5	35.55847168
2224	35.45500565
2224.5	36.40775681
2225	35.13378906
2225.5	35.350914
2226	35.85780334
2226.5	35.98008728
2227	35.72642899
2227.5	36.93448257
2228	35.94780731
2228.5	36.5764122
2229	36.85402679
2229.5	35.7301445
2230	35.97600555
2230.5	36.48167419
2231	36.42217636
2231.5	36.05780029
2232	35.22336578
2232.5	36.83441925
2233	36.30513382
2233.5	36.69625092
2234	35.97014999
2234.5	35.87294769
2235	35.53269958
2235.5	35.99969864
2236	36.76809311
2236.5	36.79286575
2237	35.80472565
2237.5	35.76543427
2238	35.74931717
2238.5	35.69452286
2239	35.86923218
2239.5	35.52173233
2240	35.5438652
2240.5	36.30483627
2241	35.93252182
2241.5	35.32675934
2242	35.02417374
2242.5	36.2024231
2243	36.20479584
2243.5	35.32446289
2244	36.15844727
2244.5	36.74307251
2245	37.13742447
2245.5	37.12565613
2246	36.80482101
2246.5	37.13486099
2247	36.4572525
2247.5	37.01506805
2248	37.47254181
2248.5	35.44578171
2249	36.1395607
2249.5	37.69968033
2250	35.84314728
2250.5	35.64599609
2251	35.64852905
2251.5	36.45209503
2252	35.82615662
2252.5	35.94784546
2253	36.97590637
2253.5	37.64513016
2254	36.51247406
2254.5	37.12687683
2255	36.27918243
2255.5	37.68322754
2256	36.51133728
2256.5	36.51635361
2257	35.9020462
2257.5	34.46768951
2258	35.43154144
2258.5	35.29497528
2259	35.36159897
2259.5	35.98201752
2260	35.86193085
2260.5	36.1891861
2261	35.75231934
2261.5	37.26197052
2262	36.07407761
2262.5	37.01908493
2263	35.41037369
2263.5	36.84902573
2264	32.94635391
2264.5	36.28975296
2265	35.57562256
2265.5	34.97249603
2266	36.21226501
2266.5	35.18100739
2267	35.94251251
2267.5	36.72408295
2268	36.22863388
2268.5	36.41464233
2269	37.54405212
2269.5	36.09827042
2270	35.26095963
2270.5	35.9366684
2271	34.90558624
2271.5	35.98025131
2272	36.75228119
2272.5	36.18940735
2273	35.88912964
2273.5	35.15130997
2274	36.12322998
2274.5	37.82655716
2275	36.48363876
2275.5	34.79186249
2276	36.43921661
2276.5	35.47414398
2277	36.48164368
2277.5	36.81394958
2278	35.85357285
2278.5	35.6548996
2279	35.6529007
2279.5	35.06912231
2280	35.90781784
2280.5	35.72516632
2281	35.73039627
2281.5	34.90807724
2282	34.78532791
2282.5	36.23607635
2283	35.53425598
2283.5	35.82507706
2284	35.6121254
2284.5	36.03788757
2285	35.57131577
2285.5	35.70121384
2286	35.32436371
2286.5	35.43449783
2287	36.0446434
2287.5	37.09861755
2288	36.14147186
2288.5	36.84012985
2289	35.96215057
2289.5	35.42513657
2290	34.93322372
2290.5	35.96671677
2291	36.4327507
2291.5	35.73817825
2292	35.48627472
2292.5	36.53834915
2293	36.47395706
2293.5	35.80029678
2294	35.57518768
2294.5	35.60593414
2295	36.32162094
2295.5	36.09763336
2296	36.77113342
2296.5	35.87637329
2297	35.39184189
2297.5	35.64377594
2298	35.84997177
2298.5	35.9286499
2299	36.66973877
2299.5	35.10373688
2300	36.26351166
2300.5	35.60223389
2301	36.2289238
2301.5	35.71807098
2302	35.523983
2302.5	35.82008362
2303	35.4269104
2303.5	35.7114296
2304	36.383564
2304.5	35.91609192
2305	35.22480774
2305.5	36.31036758
2306	35.12492371
2306.5	35.97142029
2307	35.3109436
2307.5	36.1308136
2308	35.32052994
2308.5	35.82178116
2309	35.24264908
2309.5	36.14174271
2310	35.81257629
2310.5	35.92242813
2311	35.63870621
2311.5	35.56456757
2312	36.13304901
2312.5	35.21345139
2313	35.50644684
2313.5	35.51238632
2314	35.26657104
2314.5	36.42706299
2315	35.34804916
2315.5	35.75603485
2316	34.9536438
2316.5	36.61045837
2317	35.76187897
2317.5	36.61679077
2318	34.45567322
2318.5	35.25929642
2319	36.36042404
2319.5	35.5425148
2320	36.05788422
2320.5	35.87501144
2321	35.53546524
2321.5	35.31289291
2322	36.09030533
2322.5	36.02236176
2323	35.85813522
2323.5	35.56171417
2324	35.67392349
2324.5	35.8536644
2325	35.7779808
2325.5	35.55486679
2326	35.96100616
2326.5	35.78631973
2327	35.50718689
2327.5	36.20830917
2328	35.91143036
2328.5	35.82295227
2329	35.75880432
2329.5	35.52791977
2330	35.91735077
2330.5	35.94930649
2331	35.89971161
2331.5	35.83269501
2332	35.66121292
2332.5	35.45960236
2333	35.74336624
2333.5	35.51870346
2334	35.63124084
2334.5	35.53328705
2335	35.9508934
2335.5	35.5187645
2336	35.97829056
2336.5	35.71374893
2337	35.99812317
2337.5	35.85941315
2338	35.41879272
2338.5	35.36859512
2339	35.64730453
2339.5	35.37360764
2340	36.12312698
2340.5	35.99433899
2341	35.39928818
2341.5	36.01098633
2342	35.84025955
2342.5	35.31817245
2343	35.78626633
2343.5	35.69423294
2344	35.80200195
2344.5	35.81929398
2345	35.66885376
2345.5	35.58488083
2346	35.89418793
2346.5	35.78909683
2347	35.58141708
2347.5	36.11436081
2348	36.14066696
2348.5	35.47075272
2349	35.27973557
2349.5	35.80975342
2350	35.76104355
2350.5	35.76129913
2351	35.53207397
2351.5	35.83232117
2352	35.53039932
2352.5	35.37297058
2353	35.8456459
2353.5	35.10763168
2354	35.8560257
2354.5	35.23760605
2355	35.33445358
2355.5	35.56019592
2356	35.78239059
2356.5	35.79836655
2357	35.42467117
2357.5	35.34828186
2358	34.99886703
2358.5	35.64493179
2359	35.78902435
2359.5	35.70728302
2360	35.04273987
2360.5	35.69168091
2361	34.84031677
2361.5	35.6503067
2362	35.54276657
2362.5	35.50738144
2363	35.81435013
2363.5	35.71524048
2364	35.67899323
2364.5	35.43395615
2365	35.69073486
2365.5	35.46242523
2366	36.03088379
2366.5	35.63716888
2367	35.50226974
2367.5	34.95514679
2368	35.64413452
2368.5	35.52483368
2369	34.39584351
2369.5	35.13687134
2370	35.43089294
2370.5	35.19750977
2371	35.14487457
2371.5	35.22986603
2372	35.23426056
2372.5	34.99983978
2373	35.34690857
2373.5	35.84783936
2374	35.64461517
2374.5	35.43665314
2375	35.02565002
2375.5	34.61296844
2376	35.24861145
2376.5	35.79039383
2377	35.54686356
2377.5	35.08856964
2378	34.87202072
2378.5	35.15181351
2379	35.72658157
2379.5	35.34544754
2380	35.09352112
2380.5	34.47296143
2381	35.2738533
2381.5	35.58636475
2382	35.7838707
2382.5	35.58951187
2383	35.17335129
2383.5	35.34288406
2384	35.10498428
2384.5	35.3759079
2385	35.33869553
2385.5	35.1337738
2386	35.03196716
2386.5	35.31460571
2387	34.9646225
2387.5	35.73470688
2388	34.84127426
2388.5	35.05028915
2389	35.66415787
2389.5	34.92241287
2390	34.93966293
2390.5	35.66073608
2391	35.64501572
2391.5	34.98430634
2392	34.52237701
2392.5	35.15617371
2393	35.17451096
2393.5	34.61713028
2394	35.1692009
2394.5	35.06022263
2395	35.27207184
2395.5	34.97079086
2396	35.56738663
2396.5	35.1868515
2397	35.05033112
2397.5	35.14043045
2398	35.17526245
2398.5	35.86488342
2399	35.39025497
2399.5	35.30207443
2400	35.43444824
2400.5	35.27836609
2401	35.85825729
2401.5	35.6711998
2402	34.80250931
2402.5	35.53748322
2403	35.15563583
2403.5	34.90346527
2404	35.92173767
2404.5	34.28313065
2405	35.50697327
2405.5	35.54930496
2406	35.00638199
2406.5	34.971241
2407	34.65644455
2407.5	34.94520187
2408	35.16620255
2408.5	34.70574951
2409	36.49029922
2409.5	35.18703842
2410	35.17505264
2410.5	34.57847214
2411	35.40106583
2411.5	34.48519135
2412	35.71317673
2412.5	34.39151001
2413	34.64530945
2413.5	35.25692368
2414	35.76876831
2414.5	34.65656662
2415	35.50244141
2415.5	34.87398148
2416	35.8249588
2416.5	34.35785675
2417	35.09513474
2417.5	35.7613945
2418	35.21267319
2418.5	35.91814041
2419	34.95055771
2419.5	35.32584763
2420	36.12670517
2420.5	34.4966774
2421	33.86556625
2421.5	34.30697632
2422	34.85220337
2422.5	34.73089981
2423	35.04605103
2423.5	34.48897934
2424	35.47088623
2424.5	35.43371582
2425	35.15135574
2425.5	35.17292023
2426	35.2337532
2426.5	34.60662842
2427	34.70335388
2427.5	34.38317871
2428	35.58044434
2428.5	34.70084
2429	34.90378189
2429.5	34.9559021
2430	34.60159302
2430.5	34.85040665
2431	35.09358215
2431.5	35.4498558
2432	34.8077507
2432.5	34.6363945
2433	34.66931152
2433.5	35.0017395
2434	34.88609314
2434.5	35.13428879
2435	35.20962143
2435.5	35.40876389
2436	35.3078537
2436.5	35.06690979
2437	33.52982712
2437.5	35.06851578
2438	35.21667862
2438.5	34.00113678
2439	34.10018921
2439.5	34.00586319
2440	34.31666565
2440.5	33.57736588
2441	34.6905365
2441.5	34.11457062
2442	35.10728836
2442.5	34.60590363
2443	33.8898735
2443.5	34.27711868
2444	34.27812576
2444.5	32.88764572
2445	34.83261871
2445.5	33.85010147
2446	33.9639473
2446.5	35.34371567
2447	33.20478058
2447.5	35.38438034
2448	33.61695862
2448.5	34.2674942
2449	35.70605469
2449.5	34.3622551
2450	34.70048141
2450.5	35.33770752
2451	34.78210068
2451.5	33.93414688
2452	33.4940567
2452.5	34.86765289
2453	34.90726471
2453.5	34.41130066
2454	35.17107773
2454.5	33.56756973
2455	34.42823029
2455.5	35.17665863
2456	34.63083649
2456.5	34.88030243
2457	34.02667236
2457.5	33.90647888
2458	34.23105621
2458.5	33.38941574
2459	34.98875427
2459.5	34.32851028
2460	34.65893173
2460.5	32.88345718
2461	33.83420944
2461.5	33.88027954
2462	33.48021317
2462.5	33.84614944
2463	35.68346786
2463.5	33.88466644
2464	34.17817307
2464.5	33.64054871
2465	31.66022873
2465.5	34.14358521
2466	33.64331055
2466.5	34.67240906
2467	33.56126022
2467.5	33.0668335
2468	34.80471039
2468.5	33.5912056
2469	33.88582611
2469.5	33.74547577
2470	34.57131958
2470.5	33.96599197
2471	33.68161392
2471.5	33.42609024
2472	34.10157394
2472.5	35.15511322
2473	33.82745361
2473.5	33.80285263
2474	34.99871445
2474.5	32.81775665
2475	33.49433899
2475.5	31.01832581
2476	34.2208786
2476.5	33.92702484
2477	33.41747665
2477.5	33.18655014
2478	32.70046234
2478.5	30.70203018
2479	33.62287903
2479.5	33.8552475
2480	32.68442535
2480.5	32.68764114
2481	33.47964096
2481.5	34.41313553
2482	33.85220337
2482.5	34.93581772
2483	34.91514206
2483.5	31.91974831
2484	34.5414772
2484.5	34.53143311
2485	33.02788162
2485.5	34.61406708
2486	34.59818649
2486.5	33.36466599
2487	33.80357361
2487.5	34.86533356
2488	34.53377151
2488.5	33.32378387
2489	33.38036346
2489.5	33.7371788
2490	32.91624832
2490.5	34.23035049
2491	33.4384346
2491.5	33.72254562
2492	33.7672348
2492.5	34.65459824
2493	33.3257103
2493.5	31.96386337
2494	32.9522934
2494.5	34.38798904
2495	32.80073547
2495.5	33.20905685
2496	33.095047
2496.5	33.22096634
2497	34.41420364
2497.5	33.50034332
2498	33.23235703
2498.5	32.67957306
2499	32.51079559
2499.5	33.72542191
2500	32.57441711
